051902  2004-10-22  46.953  0.852  40.00
052427  2004-10-24  35.030  0.885  31.00
053434  2004-11-06  42.036  0.817  34.34
054024  2004-11-08  46.809  0.769  36.00
054540  2004-11-17  49.669  0.745  37.00
055018  2004-11-30  46.616  0.759  35.38
055327  2004-12-08  34.544  0.739  25.53
055658  2004-12-21  25.101  0.797  20.01
055989  2004-12-31  45.687  0.788  36.00
056442  2005-01-11  19.417  0.799  15.51
056629  2005-01-17  45.624  0.789  36.00
057006  2005-01-26  25.219  0.881  22.22
057246  2005-01-31  25.186  0.883  22.24
057496  2005-02-03  44.609  0.815  36.36
057861  2005-02-15  37.293  0.858  32.00
058326  2005-02-23  11.900  0.849  10.10
058393  2005-02-28  42.155  0.854  36.00
058880  2005-03-06  23.307  0.901  21.00
059094  2005-03-11  24.344  0.913  22.23
059383  2005-03-17  49.362  0.923  45.56
060385  2005-04-06  44.829  0.937  42.00
060933  2005-04-11  23.817  0.883  21.03
061161  2005-04-15  43.384  0.922  40.00
061727  2005-04-24  34.216  0.974  33.33
062121  2005-04-29  47.223  0.941  44.44
062626  2005-05-06  32.822  0.914  30.00
063062  2005-05-13  47.295  0.897  42.42
063595  2005-05-20  44.493  0.908  40.40
064157  2005-05-29  47.108  0.922  43.43
064843  2005-05-31  32.619  0.929  30.30
065291  2005-06-04  48.891  0.909  44.44
065843  2005-06-15  45.305  1.003  45.44
066409  2005-06-21  46.247  0.939  43.43
066942  2005-06-29  19.586  1.023  20.04
067130  2005-07-04  41.087  0.949  38.99
067735  2005-07-14  30.737  0.986  30.31
068071  2005-07-19  44.972  0.966  43.44
068672  2005-07-26  47.399  0.959  45.46
069262  2005-08-02  47.775  0.909  43.43
069784  2005-08-12  46.434  1.077  50.01
070349  2005-08-22  44.868  1.013  45.45
070849  2005-09-19  44.782  1.006  45.05
071346  2005-09-30  45.677  1.139  52.03
071807  2005-10-13  44.513  0.949  42.24
072273  2005-10-31  46.546  0.907  42.22
072759  2005-11-10  46.170  0.888  41.00
073263  2005-11-18  45.774  0.852  39.00
073710  2005-12-05  45.912  0.902  41.41
074099  2005-12-15  43.859  0.912  40.00
074563  2005-12-29  47.566  0.904  43.00
075058  2006-01-07  47.388  0.959  45.45
075449  2006-01-14  41.020  0.885  36.30
076006  2006-01-15  42.047  0.987  41.50
076522  2006-01-20  44.781  0.938  42.00
076999  2006-02-01  48.334  0.869  42.00
077467  2006-02-13  46.514  0.817  38.00
077925  2006-02-24  46.397  0.819  38.00
078913  2006-03-01  48.558  0.865  42.00
079380  2006-03-10  36.427  0.915  33.33
079816  2006-03-17  47.893  0.949  45.45
080227  2006-03-18  30.957  0.969  30.00
080784  2006-03-25  45.506  0.879  40.00
081269  2006-04-05  44.993  0.978  44.00
081752  2006-04-17  47.050  0.999  47.00
082256  2006-04-29  46.046  0.999  46.00
082775  2006-05-09  46.186  0.996  46.00
083270  2006-05-23  46.703  0.985  46.00
083810  2006-05-31  46.725  1.006  47.01
084314  2006-06-13  47.434  1.022  48.48
084848  2006-06-26  45.855  1.025  47.00
085420  2006-07-12  47.584  1.052  50.06
085959  2006-07-22  14.538  1.059  15.40
086135  2006-07-26  27.662  1.096  30.32
086399  2006-08-02  19.661  1.131  22.24
086726  2006-08-10  48.611  1.018  49.49
087178  2006-08-18  37.619  0.959  36.08
087640  2006-08-26  37.943  0.949  36.01
088141  2006-09-07  41.483  0.892  37.00
088660  2006-09-16  44.515  0.876  39.00
089159  2006-09-16  35.166  0.833  29.29
089713  2006-09-27  42.979  0.799  34.34
090345  2006-09-30  47.445  0.868  41.18
090968  2006-10-04  45.078  0.843  38.00
091479  2006-10-17  45.586  0.864  39.39
091976  2006-10-24  45.610  0.775  35.35
092512  2006-11-06  46.564  0.846  39.39
093009  2006-11-17  45.492  0.866  39.40
093454  2006-11-27  40.892  0.807  33.00
093862  2006-12-06  39.985  0.883  35.31
094328  2006-12-15  47.461  0.906  43.00
094833  2006-12-27  47.029  0.902  42.42
095357  2007-01-06  47.053  0.850  40.00
095834  2007-01-13  47.900  0.759  36.36
096265  2007-01-24  45.895  0.828  38.00
096677  2007-02-01  29.036  0.861  25.00
