247618  2004-11-19  28.804  0.825  23.76
248006  2004-11-26  32.017  0.798  25.55
248399  2004-12-05  33.387  0.729  24.34
248773  2004-12-18  33.874  0.808  27.37
249024  2004-12-23  21.893  0.832  18.21
249487  2004-12-24  31.654  0.769  24.34
249700  2004-12-27  16.898  0.777  13.13
250096  2005-01-03  25.945  0.779  20.21
250393  2005-01-14  24.790  0.819  20.30
250857  2005-01-15  35.748  0.794  28.38
251432  2005-01-17  37.119  0.789  29.29
251741  2005-02-01  31.757  0.859  27.28
252090  2005-02-24  29.900  0.769  22.22
252593  2005-02-27  33.243  0.851  28.29
253138  2005-03-01  29.593  0.819  24.24
253463  2005-03-18  31.517  0.909  28.65
253893  2005-03-24  28.769  0.869  25.00
254362  2005-03-27  24.750  0.899  22.25
254849  2005-04-04  32.711  0.917  30.00
255245  2005-04-19  30.454  0.839  25.55
255575  2005-05-10  25.052  0.887  22.22
255809  2005-06-09  16.340  0.899  14.69
256344  2005-06-10  10.659  0.939  10.01
256490  2005-06-12  28.183  1.029  29.00
256990  2005-06-16  31.215  0.897  28.00
257451  2005-07-13  18.483  0.929  17.17
257754  2005-07-22  32.253  0.886  28.58
258328  2005-08-07  34.407  0.959  33.00
258875  2005-08-15  32.055  0.999  32.02
259370  2005-08-29  32.351  0.989  32.00
259830  2005-09-19  26.642  0.959  25.55
260019  2005-10-07  17.099  0.994  17.00
260476  2005-10-09  25.166  0.979  24.64
260840  2005-10-11  24.546  1.019  25.01
261383  2005-10-16  31.280  0.959  30.00
261877  2005-10-20  30.229  0.969  29.29
262313  2005-11-09  37.525  0.865  32.46
262693  2005-11-28  28.806  0.849  24.46
263060  2005-12-06  30.765  0.837  25.75
263231  2005-12-25  16.309  0.867  14.14
263753  2005-12-26  34.900  0.889  31.00
263980  2005-12-28  14.860  0.942  14.00
264412  2006-01-05  31.610  0.949  30.00
264731  2006-02-03  28.519  0.825  23.53
265064  2006-02-18  35.742  0.859  30.70
265433  2006-04-06  37.434  0.901  33.73
265890  2006-05-09  34.740  0.875  30.40
266453  2006-05-15  35.081  0.979  34.34
266985  2006-05-19  30.706  0.977  30.00
267712  2006-05-22  41.365  0.906  37.48
268138  2006-06-18  29.679  0.989  29.35
268612  2006-07-04  30.138  1.017  30.65
269060  2006-08-01  33.601  1.039  34.91
269487  2006-08-26  24.478  0.949  23.23
270995  2007-01-19  29.820  0.779  23.23
271395  2007-01-20  23.837  0.755  18.00
271904  2007-01-29  37.005  0.819  30.31
272293  2007-03-27  29.438  1.019  30.00
272651  2007-05-23  30.707  1.059  32.52
273016  2007-07-28  30.987  0.978  30.31
