000906  2007/02/06  51.270  0.866  44.40
001595  2007/02/16  47.350  0.896  42.43
002430  2007/02/23  50.057  0.879  44.00
003123  2007/03/05  45.151  0.985  44.47
003854  2007/03/08  45.147  1.029  46.46
004665  2007/03/08  46.189  0.984  45.45
005292  2007/03/14  38.959  1.078  42.00
006022  2007/03/14  41.226  1.029  42.42
007013  2007/03/15  49.716  0.955  47.48
007905  2007/04/01  54.933  0.955  52.46
008749  2007/04/16  49.217  0.955  47.00
009620  2007/04/30  51.460  0.979  50.38
010392  2007/05/11  44.196  0.937  41.41
011456  2007/05/14  50.372  0.955  48.11
012371  2007/05/30  51.153  0.948  48.49
013275  2007/06/10  51.514  0.948  48.84
014168  2007/06/22  48.500  0.969  47.00
015215  2007/06/25  51.283  0.965  49.49
016165  2007/07/11  51.104  0.959  49.01
017099  2007/07/27  49.532  0.938  46.46
018040  2007/08/14  52.576  0.932  49.00
018917  2007/08/30  47.150  0.932  43.94
020028  2007/09/05  51.770  0.927  48.00
020904  2007/09/20  52.579  0.989  52.00
021762  2007/10/05  47.680  0.932  44.44
022646  2007/10/22  59.636  0.939  56.00
023645  2007/11/12  48.923  0.999  48.87
024469  2007/11/26  50.569  1.059  53.55
025106  2007/12/10  43.329  1.085  47.01
025908  2007/12/16  37.767  1.059  40.00
026423  2007/12/19  46.111  1.085  50.03
027253  2007/12/28  46.402  1.099  51.00
028158  2008/01/11  51.415  1.138  58.51
029112  2008/01/17  51.356  1.129  57.98
029861  2008/02/04  50.045  1.099  55.00
030553  2008/02/16  45.030  1.099  49.49
031030  2008/02/27  32.301  1.115  36.02
