262215  2003/06/21  19.418  0.689  13.38
262550  2003/06/26  27.676  0.727  20.12
262912  2003/07/01  31.160  0.779  24.27
263325  2003/07/05  31.537  0.757  23.87
263741  2003/07/11  31.914  0.799  25.50
264165  2003/07/14  27.452  0.839  23.03
264505  2003/07/22  35.019  0.829  29.03
265350  2003/08/02  32.222  0.825  26.58
265736  2003/08/07  30.530  0.819  25.00
266043  2003/08/12  27.447  0.849  23.30
266361  2003/08/18  25.752  0.739  19.03
266715  2003/08/22  25.197  0.795  20.03
267029  2003/08/28  26.298  0.849  22.33
267429  2003/09/07  00.000  0.834  23.97
267743  2003/09/18  27.155  0.819  22.24
267966  2003/09/26  19.368  0.757  14.66
268252  2003/10/03  17.310  0.809  14.00
268445  2003/10/10  27.800  0.799  22.21
268817  2003/10/21  34.682  0.753  26.12
269116  2003/10/27  30.041  0.699  21.00
269394  2003/11/14  28.748  0.759  21.82
269650  2003/11/20  25.711  0.739  19.00
269898  2003/12/05  25.440  0.669  17.02
270227  2003/12/09  25.518  0.715  18.25
270606  2003/12/09  31.892  0.697  22.23
270788  2003/12/19  18.687  0.819  15.30
271031  2003/12/29  22.608  0.709  16.03
271260  2004/01/05  20.738  0.757  15.70
271471  2004/01/23  29.300  0.783  22.94
271731  2004/01/23  23.452  0.815  19.11
271915  2004/01/25  16.093  0.825  13.28
272188  2004/01/25  26.185  0.804  21.05
272421  2004/01/28  24.038  0.779  18.73
272724  2004/02/09  31.435  0.809  25.43
273055  2004/02/22  35.261  0.779  27.47
273216  2004/03/04  19.511  0.769  15.00
273554  2004/03/04  24.409  0.797  19.45
273916  2004/03/07  29.420  0.838  24.65
274300  2004/03/14  30.761  0.799  24.58
274624  2004/03/29  31.230  0.749  23.39
274952  2004/04/16  33.536  0.805  27.00
275090  2004/04/23  12.805  0.799  10.23
275514  2004/04/25  29.716  0.695  20.65
275973  2004/04/28  37.422  0.815  30.50
276296  2004/05/07  27.135  0.947  25.70
276720  2004/05/09  30.272  0.845  25.58
277178  2004/05/12  31.555  0.869  27.42
277918  2004/06/14  37.617  0.869  32.69
278327  2004/06/25  34.298  0.879  30.15
278680  2004/07/02  13.388  0.747  10.00
278806  2004/07/10  26.678  0.879  23.45
27????  2004/07/16  28.767  0.895  25.75
279572  2004/07/18  30.870  0.786  24.26
280046  2004/07/22  33.775  0.829  28.00
280381  2004/09/04  35.331  0.849  30.00
280749  2004/10/28  34.992  0.802  28.06
28????  2005/01/28  26.033  0.775  20.18
281439  2005/02/11  41.012  0.797  32.69
291326  2006/09/24  40.113  0.831  33.33
291824  2006/10/20  42.137  0.815  34.34
292288  2006/11/10  41.395  0.773  32.00
292625  2006/11/25  30.775  0.845  26.00
